Score:
TP:  3029.0
FP:  41.0
TN:  316774.0
FN:  397.0
Recall:  0.884121424402
Precision:  0.98664495114
Fscore:  0.932573891626